start_idx,achieved_ll,elapsed_time,success,message,num_iter,start_beta,start_gamma,opt_beta,opt_gamma,opt_sigma
20,-6316.929344851099,173.13795518875122,False,Desired error not necessarily achieved due to precision loss.,196.0,"[  1.84554108   1.97991202   2.93060393   1.72007018   2.3345526
 -55.32298448   2.53087791]","[-1.6467336  -2.2525132  -0.28643388  2.3270845  -0.4469826  -0.22579685
 -1.32364901  2.90985652  2.00879249  1.09104576  1.55085896 -1.97635674
 -1.23454646 -0.83922163 -0.10734041 -0.4761341  -2.01695084 -2.14046249
  2.23577348  2.96526761 -1.06108728 -2.15239598  2.72284609 -1.84020319
 -0.21095282  0.75571394 -0.85675763 -0.02737365]","[  0.51763358  -0.54137755  -3.68889225  -2.11072034   0.3953694
 -41.90098653   1.35920651]","[[ 2.26954562e+00  0.00000000e+00  0.00000000e+00  0.00000000e+00
   0.00000000e+00  0.00000000e+00  0.00000000e+00]
 [ 2.62354264e+00  2.09139956e+00  0.00000000e+00  0.00000000e+00
   0.00000000e+00  0.00000000e+00  0.00000000e+00]
 [ 2.49810364e+00  7.06129221e-01  1.64657843e-09  0.00000000e+00
   0.00000000e+00  0.00000000e+00  0.00000000e+00]
 [ 1.18073913e+00 -3.17808301e-01  7.53931548e-01  1.74193263e+00
   0.00000000e+00  0.00000000e+00  0.00000000e+00]
 [ 2.20845818e-01 -6.26556390e-01  2.05143796e-01  2.39326713e-01
   3.39345700e-08  0.00000000e+00  0.00000000e+00]
 [-2.46337931e+01 -5.40226305e+00  2.57777601e-01 -2.46114400e+00
  -9.94418476e+00  6.52737268e+00  0.00000000e+00]
 [-3.36050916e-01 -2.22257238e-02 -2.61984728e-01  3.66076560e-01
   1.33628880e-01 -4.80818994e-01  1.09992847e-01]]","[[ 5.15083734e+00  5.95424971e+00  5.66956019e+00  2.67974133e+00
   5.01219659e-01 -5.59075172e+01 -7.62682885e-01]
 [ 5.95424971e+00  1.12569281e+01  8.03067976e+00  2.43305532e+00
  -7.30981339e-01 -7.59260969e+01 -9.28126774e-01]
 [ 5.66956019e+00  8.03067976e+00  6.73914030e+00  2.72519501e+00
   1.09265967e-01 -6.53524640e+01 -8.55184251e-01]
 [ 2.67974133e+00  2.43305532e+00  2.72519501e+00  5.09788908e+00
   1.03144151e+00 -3.14619998e+01  5.04372057e-02]
 [ 5.01219659e-01 -7.30981339e-01  1.09265967e-01  1.03144151e+00
   5.40707038e-01 -2.59158411e+00 -2.64224071e-02]
 [-5.59075172e+01 -7.59260969e+01 -6.53524640e+01 -3.14619998e+01
  -2.59158411e+00  7.83625290e+02  2.96246196e+00]
 [-7.62682885e-01 -9.28126774e-01 -8.55184251e-01  5.04372057e-02
  -2.64224071e-02  2.96246196e+00  5.77214256e-01]]"
4,-6326.615647892379,222.5664563179016,True,Optimization terminated successfully.,256.0,"[  0.65887088   1.34369051  -8.51890848  -0.05948999   3.20921446
 -33.30514993  -0.68617147]","[-2.12936984  0.12084034 -1.84197728 -0.86122181  0.62394549  2.25120846
  0.60328612 -1.29866181  1.97385742  2.26963354  1.48986525  0.01281262
 -0.11400183 -0.34571828 -0.25157933 -2.17344596 -2.57986779  2.72549659
  1.22488315 -2.60859803 -2.07959684  1.65704158 -1.2465276  -1.02755744
 -0.92977566 -1.69371825  2.70645384 -2.88210477]","[  0.25146037  -0.83487699  -4.55100266  -2.30670806   0.35061088
 -38.2769965    1.23330696]","[[ 2.20559425e+000  0.00000000e+000  0.00000000e+000  0.00000000e+000
   0.00000000e+000  0.00000000e+000  0.00000000e+000]
 [ 1.30038495e+000  2.68359508e+000  0.00000000e+000  0.00000000e+000
   0.00000000e+000  0.00000000e+000  0.00000000e+000]
 [ 2.00263447e+000  1.87147647e+000  1.11067322e+000  0.00000000e+000
   0.00000000e+000  0.00000000e+000  0.00000000e+000]
 [ 4.77828602e-001  4.36100595e-002  1.39521753e+000  3.92921835e-002
   0.00000000e+000  0.00000000e+000  0.00000000e+000]
 [ 4.03199349e-001 -2.69471910e-001  3.54533366e-001 -1.70921643e-002
   7.60856299e-011  0.00000000e+000  0.00000000e+000]
 [-1.72204049e+001 -1.25415524e+001 -2.94707621e+000 -1.01276227e+001
   6.95015964e+000  5.91259758e-119  0.00000000e+000]
 [-5.15399594e-001 -2.00702708e-001  1.87161060e-001  2.54387437e-001
  -4.80519335e-001  3.60525004e-001  2.72834740e-002]]","[[ 4.86464601e+00  2.86812158e+00  4.41699907e+00  1.05389602e+00
   8.89294167e-01 -3.79812261e+01 -1.13676238e+00]
 [ 2.86812158e+00  8.89268357e+00  7.62648077e+00  7.38392865e-01
  -1.98839124e-01 -5.60496036e+01 -1.20882268e+00]
 [ 4.41699907e+00  7.62648077e+00  8.74656397e+00  2.58816197e+00
   6.96921290e-01 -6.12306352e+01 -1.19989261e+00]
 [ 1.05389602e+00  7.38392865e-01  2.58816197e+00  2.17839784e+00
   6.74888074e-01 -1.32850887e+01  1.61005049e-02]
 [ 8.89294167e-01 -1.98839124e-01  6.96921290e-01  6.74888074e-01
   3.61170875e-01 -4.43539384e+00 -9.17182300e-02]
 [-3.79812261e+01 -5.60496036e+01 -6.12306352e+01 -1.32850887e+01
  -4.43539384e+00  6.13391601e+02  4.92490924e+00]
 [-1.13676238e+00 -1.20882268e+00 -1.19989261e+00  1.61005049e-02
  -9.17182300e-02  4.92490924e+00  7.67282048e-01]]"
19,-6329.925833949917,193.53460311889648,True,Optimization terminated successfully.,251.0,"[ 1.6917789  -2.37431204 -2.4194113  -4.76809756  2.88132677 12.45703754
  4.87078702]","[ 0.0875448  -1.4173779  -1.59164827  1.81004344 -1.96275065  1.95440667
 -1.95367846  1.64882993  0.6609899   2.0938445   1.32290375 -1.337976
  0.43191868 -2.27063184  2.93884283  2.10774838  0.64291799  1.10914163
  1.07278198  1.85711747 -0.2594645  -2.08943351  0.72538537  1.03162337
 -2.64576358 -2.10075954 -1.74767697  0.00663431]","[  0.31846101  -1.03475148  -4.17301487  -2.69597063   0.32874434
 -38.46374382   1.40891807]","[[ 3.24949129e+00  0.00000000e+00  0.00000000e+00  0.00000000e+00
   0.00000000e+00  0.00000000e+00  0.00000000e+00]
 [ 1.69985946e+00  2.46052640e+00  0.00000000e+00  0.00000000e+00
   0.00000000e+00  0.00000000e+00  0.00000000e+00]
 [ 1.79447616e+00  1.49105217e+00  8.39156500e-01  0.00000000e+00
   0.00000000e+00  0.00000000e+00  0.00000000e+00]
 [ 7.01769237e-01  1.26358722e+00  1.60652540e+00  3.85425952e-01
   0.00000000e+00  0.00000000e+00  0.00000000e+00]
 [ 4.25190942e-01 -7.78448099e-02  4.41379413e-01  1.13913790e-01
   3.09885366e-12  0.00000000e+00  0.00000000e+00]
 [-1.86437185e+01 -1.18054006e+01 -2.44123886e+00  3.15579686e+00
  -1.11609752e+01  3.91385412e-01  0.00000000e+00]
 [-3.36637486e-01 -2.68277524e-01  2.99658527e-01  2.12904509e-01
   4.68128066e-01  8.40850181e-01  1.49861518e-01]]","[[ 1.05591936e+01  5.52367852e+00  5.83113464e+00  2.28039302e+00
   1.38165426e+00 -6.05826008e+01 -1.09390058e+00]
 [ 5.52367852e+00  8.94371237e+00  6.71913050e+00  4.30199879e+00
   5.31225636e-01 -6.07392012e+01 -1.23234035e+00]
 [ 5.83113464e+00  6.71913050e+00  6.14756487e+00  4.49150885e+00
   1.01731074e+00 -5.31067579e+01 -7.52643324e-01]
 [ 2.28039302e+00  4.30199879e+00  4.49150885e+00  4.81860974e+00
   9.53014784e-01 -3.07063276e+01 -1.17659252e-02]
 [ 1.38165426e+00  5.31225636e-01  1.01731074e+00  9.53014784e-01
   3.94639289e-01 -7.72617484e+00  3.42646676e-02]
 [-6.05826008e+01 -6.07392012e+01 -5.31067579e+01 -3.07063276e+01
  -7.72617484e+00  6.27594973e+02  4.48797427e+00]
 [-1.09390058e+00 -1.23234035e+00 -7.52643324e-01 -1.17659252e-02
   3.42646676e-02  4.48797427e+00  1.26905258e+00]]"
15,-6333.526492934445,214.069744348526,True,Optimization terminated successfully.,251.0,"[   1.99022965   -3.06246355   -5.68497842    2.16927687   -2.18217865
 -157.87566494   -2.38333264]","[-0.33720189 -2.14147819  3.12250989  2.85078632 -2.53434534  2.20656339
 -2.03837279 -2.79786189 -0.06407993 -1.98065327 -1.81337836  1.37213091
  2.81510666  1.51010389 -1.88559765  2.76831355  0.54275573 -0.08432822
  0.3264325  -0.29403689 -2.17890085 -1.02735583 -2.32323393  0.07824421
  1.7782287   0.24151117  0.64230618  2.48585175]","[  0.28987124  -0.26547938  -3.96086278  -2.4322108    0.16325845
 -39.05143792   1.38241193]","[[ 2.67019207e+00  0.00000000e+00  0.00000000e+00  0.00000000e+00
   0.00000000e+00  0.00000000e+00  0.00000000e+00]
 [ 2.61227380e+00  2.20604415e+00  0.00000000e+00  0.00000000e+00
   0.00000000e+00  0.00000000e+00  0.00000000e+00]
 [ 2.86301205e+00  8.22898332e-01  3.36096008e-12  0.00000000e+00
   0.00000000e+00  0.00000000e+00  0.00000000e+00]
 [ 1.70845095e+00 -1.37962052e-01  1.59923571e+00  1.37328869e+00
   0.00000000e+00  0.00000000e+00  0.00000000e+00]
 [ 4.38132193e-01 -4.62348481e-01  1.24992712e-01  1.19791808e-01
   2.31347987e-01  0.00000000e+00  0.00000000e+00]
 [-2.78700722e+01 -9.36581848e+00 -8.07852453e+00  6.92898102e+00
   3.57480836e+00  2.74499073e+00  0.00000000e+00]
 [-3.13014217e-01  4.11221660e-01  7.81035340e-01  2.24497529e-01
   1.65549075e-01 -2.90082509e-01  6.92687539e-01]]","[[ 7.12992570e+00  6.97527279e+00  7.64479208e+00  4.56189217e+00
   1.16989711e+00 -7.44184457e+01 -8.35808079e-01]
 [ 6.97527279e+00  1.16906052e+01  9.29432142e+00  4.15859126e+00
   1.24560087e-01 -9.34656684e+01  8.94943014e-02]
 [ 7.64479208e+00  9.29432142e+00  8.87399967e+00  4.77778690e+00
   8.73911956e-01 -8.74994689e+01 -5.57769856e-01]
 [ 4.56189217e+00  4.15859126e+00  4.77778690e+00  7.38131485e+00
   1.17671545e+00 -4.97264972e+01  9.65857106e-01]
 [ 1.16989711e+00  1.24560087e-01  8.73911956e-01  1.17671545e+00
   4.89221083e-01 -7.23320070e+00 -1.64453179e-01]
 [-7.44184457e+01 -9.34656684e+01 -8.74994689e+01 -4.97264972e+01
  -7.23320070e+00  9.98047044e+02 -8.62402329e-02]
 [-8.35808079e-01  8.94943014e-02 -5.57769856e-01  9.65857106e-01
  -1.64453179e-01 -8.62402329e-02  1.51886688e+00]]"
0,-6340.088868217941,133.69836354255676,True,Optimization terminated successfully.,132.0,[  0.5  -1.   -4.   -2.    0.5 -40.    1.5],"[0.69314718 0.         0.69314718 0.         0.         0.69314718
 0.         0.         0.         0.69314718 0.         0.
 0.         0.         0.         0.         0.         0.
 0.         0.         2.30258509 0.         0.         0.
 0.         0.         0.         0.        ]","[  0.6878951   -0.83150073  -4.03666986  -2.03742492   0.482791
 -39.74956121   1.1507735 ]","[[ 3.02959022e+00  0.00000000e+00  0.00000000e+00  0.00000000e+00
   0.00000000e+00  0.00000000e+00  0.00000000e+00]
 [ 1.78336449e+00  1.87222439e+00  0.00000000e+00  0.00000000e+00
   0.00000000e+00  0.00000000e+00  0.00000000e+00]
 [ 1.89027363e+00  1.73991010e+00  6.71311603e-01  0.00000000e+00
   0.00000000e+00  0.00000000e+00  0.00000000e+00]
 [ 2.16928586e+00  4.86360022e-01  4.84860757e-01  1.87949304e+00
   0.00000000e+00  0.00000000e+00  0.00000000e+00]
 [ 3.50928168e-01  1.15288972e-01  4.67491937e-01  1.28911348e-01
   3.11865862e-12  0.00000000e+00  0.00000000e+00]
 [-1.84052101e+01 -5.93037181e+00 -1.85938396e+00  2.48881144e+00
  -3.78526416e+00  1.10657641e+01  0.00000000e+00]
 [-2.47020570e-01  5.50940623e-02 -4.37491742e-01  4.91798904e-01
   4.28399102e-01 -4.99368995e-01  5.03699793e-02]]","[[ 9.17841691e+00  5.40286363e+00  5.72675451e+00  6.57204724e+00
   1.06316855e+00 -5.57602446e+01 -7.48371104e-01]
 [ 5.40286363e+00  6.68561308e+00  6.62854900e+00  4.77920248e+00
   8.41679659e-01 -4.39261849e+01 -3.37379266e-01]
 [ 5.72675451e+00  6.62854900e+00  7.05108082e+00  5.27225924e+00
   1.17777547e+00 -4.63574232e+01 -6.64771037e-01]
 [ 6.57204724e+00  4.77920248e+00  5.27225924e+00  8.70993128e+00
   1.28629194e+00 -3.90342964e+01  2.03147358e-01]
 [ 1.06316855e+00  8.41679659e-01  1.17777547e+00  1.28629194e+00
   3.71608973e-01 -7.69102411e+00 -2.21460141e-01]
 [-5.57602446e+01 -4.39261849e+01 -4.63574232e+01 -3.90342964e+01
  -7.69102411e+00  5.20351920e+02 -8.90306181e-01]
 [-7.48371104e-01 -3.37379266e-01 -6.64771037e-01  2.03147358e-01
  -2.21460141e-01 -8.90306181e-01  9.32752023e-01]]"
11,-6351.322231376545,187.9512140750885,True,Optimization terminated successfully.,219.0,"[  -1.89180552   -0.61840877  -15.60020541   -2.85376802   -1.3978286
 -126.20314723    4.09589942]","[-1.1965286   2.03804776  1.23968096  1.70288025  0.99238679  2.02674664
  1.8738404  -1.5762751  -1.87870816  3.18562005 -0.23912528 -0.03033154
 -1.1007863  -2.14344959  2.60855735  0.47830782 -1.09823703 -1.00310791
 -1.67297202  0.47085298  3.92377378  2.50862569  1.1230653  -2.36902219
  0.41884811 -2.5532957   1.28816779 -0.70730638]","[  0.56736196  -0.40274456  -3.90928461  -1.73311996   0.17325948
 -41.21955466   1.25394514]","[[  2.01427519   0.           0.           0.           0.
    0.           0.        ]
 [  3.33818775   1.35951481   0.           0.           0.
    0.           0.        ]
 [  1.97551967   0.86065735   1.02524633   0.           0.
    0.           0.        ]
 [  1.22359035   0.06170343   0.30796968   1.69205433   0.
    0.           0.        ]
 [  0.06091885  -0.47550585   0.66851387   0.16774941   0.09973676
    0.           0.        ]
 [-21.06081973  -8.68768041  -3.63996941   1.18261554  -3.03064203
    9.54572169   0.        ]
 [ -0.29918971   0.07509817   0.13159586   0.23905823  -0.30308928
   -0.58645748   0.39331083]]","[[ 4.05730453e+00  6.72402875e+00  3.97924025e+00  2.46464767e+00
   1.22707333e-01 -4.24222866e+01 -6.02650414e-01]
 [ 6.72402875e+00  1.29917780e+01  7.76473197e+00  4.16846104e+00
  -4.43098680e-01 -8.21160006e+01 -8.96654356e-01]
 [ 3.97924025e+00  7.76473197e+00  5.69453908e+00  2.78607710e+00
   3.96490184e-01 -5.28150449e+01 -3.91503196e-01]
 [ 2.46464767e+00  4.16846104e+00  2.78607710e+00  4.45887383e+00
   5.34922494e-01 -2.54258259e+01  8.35752115e-02]
 [ 1.22707333e-01 -4.43098680e-01  3.96490184e-01  5.34922494e-01
   7.14815006e-01  3.10788476e-01  4.39104761e-02]
 [-4.24222866e+01 -8.21160006e+01 -5.28150449e+01 -2.54258259e+01
   3.10788476e-01  6.33987469e+02  7.72855971e-01]
 [-6.02650414e-01 -8.96654356e-01 -3.91503196e-01  8.35752115e-02
   4.39104761e-02  7.72855971e-01  7.60109425e-01]]"
23,-6357.320241075389,236.38930821418762,True,Optimization terminated successfully.,230.0,"[  -0.92838421   -0.8249799    -4.75749248   -7.48729048   -1.26107345
 -150.05777859    0.7797116 ]","[ 1.15981815  0.7614944   1.42960073  1.46992098 -2.68593552  2.5862729
 -0.3446699   2.64968225 -1.12104151 -2.10335755 -1.0145244  -1.95184926
 -0.57981646  2.22338705  2.71939109 -1.79631724  1.76742807  0.09512943
  2.07336181 -0.78895384  0.70974682  1.50141607  0.18117294  1.8985155
 -1.75917579  1.78149813  1.66504159 -1.1094418 ]","[  0.57242369  -0.93024312  -4.39520501  -1.8068865    0.37337979
 -39.36608615   1.35097319]","[[ 1.95135126e+00  0.00000000e+00  0.00000000e+00  0.00000000e+00
   0.00000000e+00  0.00000000e+00  0.00000000e+00]
 [ 1.17784729e+00  1.66122852e+00  0.00000000e+00  0.00000000e+00
   0.00000000e+00  0.00000000e+00  0.00000000e+00]
 [ 2.53527967e+00  1.12955678e+00  8.20771293e-35  0.00000000e+00
   0.00000000e+00  0.00000000e+00  0.00000000e+00]
 [ 1.25601459e+00  6.23240650e-01  1.65235778e+00  8.84101294e-17
   0.00000000e+00  0.00000000e+00  0.00000000e+00]
 [ 5.76059790e-01 -1.44174480e-01  1.77231488e-01 -7.99102185e-02
   3.42776865e-65  0.00000000e+00  0.00000000e+00]
 [-1.08163104e+01 -5.15952602e+00 -2.01104759e+00  5.55010527e+00
  -5.73364167e+00  9.66200576e+00  0.00000000e+00]
 [-3.55502635e-01  1.14225214e-01  2.19381975e-01 -9.36792167e-02
   4.96972617e-01 -9.80817650e-02  7.45047688e-13]]","[[ 3.80777173e+00  2.29839379e+00  4.94722117e+00  2.45092565e+00
   1.12409500e+00 -2.11064208e+01 -6.93710513e-01]
 [ 2.29839379e+00  4.14700442e+00  4.86262422e+00  2.51473852e+00
   4.39003706e-01 -2.13111136e+01 -2.28973633e-01]
 [ 4.94722117e+00  4.86262422e+00  7.70354150e+00  3.88833395e+00
   1.29761941e+00 -3.32503493e+01 -7.72274736e-01]
 [ 2.45092565e+00  2.51473852e+00  3.88833395e+00  4.69628779e+00
   9.26533934e-01 -2.01240401e+01 -1.28291875e-02]
 [ 1.12409500e+00  4.39003706e-01  1.29761941e+00  9.26533934e-01
   3.90427805e-01 -6.28690057e+00 -1.74891813e-01]
 [-2.11064208e+01 -2.13111136e+01 -3.32503493e+01 -2.01240401e+01
  -6.28690057e+00  3.04690262e+02 -1.50236773e+00]
 [-6.93710513e-01 -2.28973633e-01 -7.72274736e-01 -1.28291875e-02
  -1.74891813e-01 -1.50236773e+00  4.52935583e-01]]"
6,-6358.718037926748,154.35371851921082,False,Desired error not necessarily achieved due to precision loss.,134.0,"[ -0.49047689   0.32325881  -5.89699052   2.11923549  -0.98028214
 -68.46249132   4.31032046]","[ 0.74215032 -2.42012612  1.64810582  0.91226396 -0.41813687  1.11600921
  0.05860601 -0.31576863  2.48178726 -0.5572753   2.18642639 -2.66966096
  1.49007413 -2.90746512  2.82640787 -0.4991412  -2.47799853 -1.04563183
 -1.86089496 -2.66627666  1.37494872  1.64846824  2.4567152   1.01254097
 -0.53018359  2.67781338  2.11188524  2.3001704 ]","[  0.55257562  -0.25326357  -4.00621062  -1.91491702   0.50890609
 -43.1496683    1.31373644]","[[ 6.16785798e-07  0.00000000e+00  0.00000000e+00  0.00000000e+00
   0.00000000e+00  0.00000000e+00  0.00000000e+00]
 [-1.45296602e+00  1.93288510e+00  0.00000000e+00  0.00000000e+00
   0.00000000e+00  0.00000000e+00  0.00000000e+00]
 [ 7.74908631e-01  1.65825131e+00  5.19359267e-01  0.00000000e+00
   0.00000000e+00  0.00000000e+00  0.00000000e+00]
 [ 1.32362520e+00 -1.76335608e-01  7.04159532e-01  1.51068093e+00
   0.00000000e+00  0.00000000e+00  0.00000000e+00]
 [ 3.31454849e-01  1.70125837e-01  6.05791604e-01 -1.89153357e-01
   7.18349484e-02  0.00000000e+00  0.00000000e+00]
 [ 3.50502654e+00 -6.26341706e+00 -2.29452878e+00 -3.75735898e+00
   1.38796111e+00  1.17809061e+01  0.00000000e+00]
 [ 4.07530680e-01 -3.19148517e-01  9.21157578e-02  6.26275866e-01
  -2.24031731e-01 -4.42152130e-01  9.85505043e-01]]","[[ 3.80424720e-13 -8.96168806e-07  4.77952638e-07  8.16393223e-07
   2.04436644e-07  2.16185059e-06  2.51359135e-07]
 [-8.96168806e-07  5.84715506e+00  2.07929335e+00 -2.26401890e+00
  -1.52758937e-01 -1.71991499e+01 -1.20900564e+00]
 [ 4.77952638e-07  2.07929335e+00  3.62001486e+00  1.09899161e+00
   8.53582100e-01 -8.86192904e+00 -1.65588234e-01]
 [ 8.16393223e-07 -2.26401890e+00  1.09899161e+00  4.56107544e+00
   5.49546309e-01 -1.54807999e+00  1.60666232e+00]
 [ 2.04436644e-07 -1.52758937e-01  8.53582100e-01  5.49546309e-01
   5.46727838e-01 -4.83396119e-01  2.03007355e-03]
 [ 2.16185059e-06 -1.71991499e+01 -8.86192904e+00 -1.54807999e+00
  -4.83396119e-01  2.11614398e+02 -4.65703946e+00]
 [ 2.51359135e-07 -1.20900564e+00 -1.65588234e-01  1.60666232e+00
   2.03007355e-03 -4.65703946e+00  1.88555272e+00]]"
1,-6364.021557876536,355.3751630783081,True,Optimization terminated successfully.,410.0,"[ -0.99475204  -1.43152814 -10.98919639   2.88209995   2.86988809
 -59.58500342   2.96430178]","[ 1.7124907   0.8891923   1.47419167  1.00438212 -1.51365189  2.0273122
 -0.35860047  0.82301817 -0.22248415  3.48381693  1.37782606 -1.93264653
 -1.09568153  0.8748633   2.16323001  0.79228822 -0.44682761 -0.57920371
 -2.66832685 -1.57534458  8.34002089  0.75935236 -0.40391714  0.17658487
 -2.9854357  -2.96674861 -0.26804495  2.57240178]","[  0.66551981  -0.49526041  -4.3674229   -2.13016696   0.32037528
 -39.05288318   1.33612637]","[[ 9.03655105e-01  0.00000000e+00  0.00000000e+00  0.00000000e+00
   0.00000000e+00  0.00000000e+00  0.00000000e+00]
 [-5.18460957e-01  1.68061452e+00  0.00000000e+00  0.00000000e+00
   0.00000000e+00  0.00000000e+00  0.00000000e+00]
 [ 7.74118706e-01  1.72156663e+00  7.04973690e-01  0.00000000e+00
   0.00000000e+00  0.00000000e+00  0.00000000e+00]
 [ 6.14049681e-01  2.87327921e-01  1.65581706e+00  1.09847072e+00
   0.00000000e+00  0.00000000e+00  0.00000000e+00]
 [ 3.39966249e-01  1.73221406e-01  1.23572550e-01 -9.82890904e-02
   1.70089360e-11  0.00000000e+00  0.00000000e+00]
 [-2.90925086e+00 -8.69339670e+00 -1.01455557e+00 -2.04580110e+00
   6.59119922e-01  1.17990316e+01  0.00000000e+00]
 [ 1.79811163e-01  2.42403362e-01  6.60968999e-02  6.75613229e-01
  -1.90755094e-01 -2.27143166e-01  9.78085329e-01]]","[[ 8.16592549e-01 -4.68509891e-01  6.99536321e-01  5.54889129e-01
   3.07212236e-01 -2.62895939e+00  1.62487275e-01]
 [-4.68509891e-01  3.09326694e+00  2.49193955e+00  1.64526692e-01
   1.14859183e-01 -1.31019158e+01  3.14161543e-01]
 [ 6.99536321e-01  2.49193955e+00  4.06003934e+00  2.13730896e+00
   6.48501821e-01 -1.79336022e+01  6.03105299e-01]
 [ 5.54889129e-01  1.64526692e-01  2.13730896e+00  4.40798239e+00
   3.55173362e-01 -8.21145118e+00  1.03164797e+00]
 [ 3.07212236e-01  1.14859183e-01  6.48501821e-01  3.55173362e-01
   1.70513626e-01 -2.41922079e+00  4.48815304e-02]
 [-2.62895939e+00 -1.31019158e+01 -1.79336022e+01 -8.21145118e+00
  -2.41922079e+00  2.28905098e+02 -6.88545351e+00]
 [ 1.62487275e-01  3.14161543e-01  6.03105299e-01  1.03164797e+00
   4.48815304e-02 -6.88545351e+00  1.59654591e+00]]"
5,-6368.308963527481,174.02897715568542,True,Optimization terminated successfully.,163.0,"[  0.40676492   1.87194618  -2.41534154   2.94854689  -1.07294998
 -63.08290259   0.23049076]","[ 3.59065568  1.01818244  1.65039123  1.79923298  1.37394592  3.59883412
  1.99634713 -2.94543013 -0.77405527 -0.66687671  0.72901686 -1.79227657
 -1.2103522   2.53878959 -0.87919775  1.92010458 -2.38172744 -1.24397085
 -0.15492562 -0.47986328 -4.26200889  1.6814952  -2.37314543  2.03066144
  0.8070021  -1.89195573  0.54291952 -2.39595575]","[  0.28924522  -0.79997627  -3.84990968  -1.61767374   0.32285377
 -40.16196568   1.45402142]","[[ 2.62122712e+000  0.00000000e+000  0.00000000e+000  0.00000000e+000
   0.00000000e+000  0.00000000e+000  0.00000000e+000]
 [ 1.70825255e+000  2.26568135e+000  0.00000000e+000  0.00000000e+000
   0.00000000e+000  0.00000000e+000  0.00000000e+000]
 [ 2.14769363e+000  9.41271740e-001  3.41727614e-001  0.00000000e+000
   0.00000000e+000  0.00000000e+000  0.00000000e+000]
 [ 2.20634131e+000 -7.36632978e-002 -1.40143587e+000  5.44182074e-013
   0.00000000e+000  0.00000000e+000  0.00000000e+000]
 [ 2.07101387e-001 -3.03998849e-001  3.69152539e-001 -1.08314091e-001
   1.43488584e-113  0.00000000e+000  0.00000000e+000]
 [-1.83630727e+001 -9.03909770e+000  5.12443269e+000 -1.10352478e+001
  -4.66186887e+000  5.00834202e+000  0.00000000e+000]
 [ 2.32750021e-001 -3.02575554e-001 -4.91668865e-001  2.40655543e-001
  -3.16356864e-001  1.39799294e-002  1.63768105e-014]]","[[ 6.87083162e+00  4.47771792e+00  5.62959278e+00  5.78332169e+00
   5.42859772e-01 -4.81337841e+01  6.10090668e-01]
 [ 4.47771792e+00  8.05143876e+00  5.80142494e+00  3.60209062e+00
  -3.34983050e-01 -5.18484808e+01 -2.87943972e-01]
 [ 5.62959278e+00  5.80142494e+00  5.61535816e+00  4.19029866e+00
   2.84794419e-01 -4.61953412e+01  4.70530910e-02]
 [ 5.78332169e+00  3.60209062e+00  4.19029866e+00  6.83739078e+00
  -3.80137084e-02 -4.70309200e+01  1.22485709e+00]
 [ 5.42859772e-01 -3.34983050e-01  2.84794419e-01 -3.80137084e-02
   2.83311824e-01  2.03182765e+00 -6.73817242e-02]
 [-4.81337841e+01 -5.18484808e+01 -4.61953412e+01 -4.70309200e+01
   2.03182765e+00  6.13760740e+02 -5.16938262e+00]
 [ 6.10090668e-01 -2.87943972e-01  4.70530910e-02  1.22485709e+00
  -6.73817242e-02 -5.16938262e+00  5.45655006e-01]]"
10,-6379.098251762245,167.48717617988586,True,Optimization terminated successfully.,183.0,"[ 0.47391298 -2.4975456  -4.71812006 -6.9902989  -0.13059937 56.56309491
  4.34838213]","[-0.53850995 -2.5803089  -2.14243131  1.52512795 -2.97173315  3.54468144
 -1.13958619  2.75684195  2.82332138  3.37451996 -0.43761347 -1.13438584
  2.42410345 -0.89054888  1.40413568  0.46556995  1.05232953  2.26465029
 -1.99632066  2.52843423  4.57578275 -1.64835705  0.5498134   1.62439135
 -2.66758568 -2.97803287 -0.18515689  0.26112133]","[ 7.12466309e-01 -3.58500025e-02 -3.61823752e+00 -1.67660719e+00
  3.27758902e-01 -3.99089352e+01  1.13433003e+00]","[[ 2.51663841e-08  0.00000000e+00  0.00000000e+00  0.00000000e+00
   0.00000000e+00  0.00000000e+00  0.00000000e+00]
 [-2.23274288e+00  1.37423790e-01  0.00000000e+00  0.00000000e+00
   0.00000000e+00  0.00000000e+00  0.00000000e+00]
 [-1.30337090e+00  1.09565027e+00  1.01993877e+00  0.00000000e+00
   0.00000000e+00  0.00000000e+00  0.00000000e+00]
 [-7.31462349e-01  1.23558285e+00  4.05780296e-01  1.72353165e+00
   0.00000000e+00  0.00000000e+00  0.00000000e+00]
 [ 1.94998660e-01  4.09327528e-01  2.39147565e-01 -6.00178408e-02
   4.71289691e-01  0.00000000e+00  0.00000000e+00]
 [ 1.24950769e+01  1.90878322e+00 -8.13848300e+00  1.45077551e+00
  -3.39922960e+00  1.00867904e+01  0.00000000e+00]
 [-5.74640100e-01 -4.52011933e-02  4.60680559e-01  4.26446148e-01
  -2.83459668e-01 -9.24898420e-02  2.15846169e-01]]","[[ 6.33346886e-16 -5.61900648e-08 -3.28011327e-08 -1.84082624e-08
   4.90741116e-09  3.14455903e-07 -1.44616134e-08]
 [-5.61900648e-08  5.00402606e+00  3.06066051e+00  1.80296583e+00
  -3.79130529e-01 -2.76359817e+01  1.27681187e+00]
 [-3.28011327e-08  3.06066051e+00  3.93950032e+00  2.72100449e+00
   4.38240111e-01 -2.24951151e+01  1.16931045e+00]
 [-1.84082624e-08  1.80296583e+00  2.72100449e+00  5.19692115e+00
   3.56722619e-01 -7.58319699e+00  1.28640630e+00]
 [ 4.90741116e-09 -3.79130529e-01  4.38240111e-01  3.56722619e-01
   4.88481175e-01 -4.17551913e-01 -1.79571504e-01]
 [ 3.14455903e-07 -2.76359817e+01 -2.24951151e+01 -7.58319699e+00
  -4.17551913e-01  3.41408157e+02 -1.03663959e+01]
 [-1.44616134e-08  1.27681187e+00  1.16931045e+00  1.28640630e+00
  -1.79571504e-01 -1.03663959e+01  8.61830609e-01]]"
9,-6380.394696159626,159.87160730361938,True,Optimization terminated successfully.,195.0,"[   2.37513185    1.7739282     2.35533429    0.25273752   -0.20682951
 -105.9370974     1.55925508]","[-1.27965612  2.48441926 -1.19174568 -1.92359812  2.84951036  1.12794195
 -2.90351094 -0.03877131  0.28054737  1.90418083  0.89240743 -1.12329485
 -0.79420297  1.24334643  1.72258947  2.59356996 -2.46607403 -0.30061907
  0.10574883  0.46363866  1.66681845 -1.29041563  0.77911769  2.49197908
 -0.50021577  1.07680934 -2.87109365  1.70007777]","[  0.63473521  -0.18828053  -3.88808195  -1.35898124   0.29562223
 -44.4104362    1.55140268]","[[ 1.17396613e+00  0.00000000e+00  0.00000000e+00  0.00000000e+00
   0.00000000e+00  0.00000000e+00  0.00000000e+00]
 [ 3.16304147e+00  8.26353144e-01  0.00000000e+00  0.00000000e+00
   0.00000000e+00  0.00000000e+00  0.00000000e+00]
 [ 6.21645400e-01  2.22328338e+00  1.42159078e-11  0.00000000e+00
   0.00000000e+00  0.00000000e+00  0.00000000e+00]
 [-1.22440729e+00  6.05650409e-01 -7.74751979e-01  1.72002809e+00
   0.00000000e+00  0.00000000e+00  0.00000000e+00]
 [-1.98203311e-01  3.20760491e-01 -4.69180102e-01 -1.09799216e-01
   2.89884046e-01  0.00000000e+00  0.00000000e+00]
 [-1.30032410e+01 -5.59906962e+00 -4.04307395e+00 -6.53330197e+00
  -6.30033399e+00  8.00547153e-01  0.00000000e+00]
 [-6.92684956e-01  2.53029594e-01  5.03826051e-02  7.75517232e-01
   1.86802915e-03 -1.31645495e-02  6.22698699e-01]]","[[ 1.37819647e+00  3.71330354e+00  7.29790642e-01 -1.43741268e+00
  -2.32683973e-01 -1.52653644e+01 -8.13188675e-01]
 [ 3.71330354e+00  1.06876908e+01  3.80350739e+00 -3.37236990e+00
  -3.61863850e-01 -4.57565991e+01 -1.98189944e+00]
 [ 7.29790642e-01  3.80350739e+00  5.32943200e+00  5.85385331e-01
   5.89929293e-01 -2.05317234e+01  1.31952074e-01]
 [-1.43741268e+00 -3.37236990e+00  5.85385331e-01  5.42472287e+00
   6.11590778e-01  4.42510083e+00  2.29625338e+00]
 [-2.32683973e-01 -3.61863850e-01  5.89929293e-01  6.11590778e-01
   4.58390441e-01  1.56924006e+00  1.10206161e-01]
 [-1.52653644e+01 -4.57565991e+01 -2.05317234e+01  4.42510083e+00
   1.56924006e+00  2.99799422e+02  2.29772217e+00]
 [-8.13188675e-01 -1.98189944e+00  1.31952074e-01  2.29625338e+00
   1.10206161e-01  2.29772217e+00  1.53573227e+00]]"
2,-6382.628953991623,190.27308869361877,True,Optimization terminated successfully.,214.0,"[  1.67512854  -2.81277241   7.71347304   2.93691844   0.2295097
 -60.28805181   0.24681078]","[-0.69770179 -1.36727589  3.18663494  0.70552762  2.24154811  1.66705514
  0.09828243 -2.41277593  0.59662408 -0.51107916 -0.16729384  2.50546385
  2.46139336 -1.43507375 -0.78782956  2.27269704  0.25874405 -1.55135912
  2.41865753 -2.91954133 -3.25866548  2.76043826 -1.63907634 -1.27762547
 -0.89281545  2.25472474 -2.19895369 -2.09999963]","[  0.54011554  -0.6567042   -3.95649602  -1.77248237   0.35504379
 -37.57250279   1.38337612]","[[ 1.08907387e-01  0.00000000e+00  0.00000000e+00  0.00000000e+00
   0.00000000e+00  0.00000000e+00  0.00000000e+00]
 [-1.01588166e+00  1.69087094e+00  0.00000000e+00  0.00000000e+00
   0.00000000e+00  0.00000000e+00  0.00000000e+00]
 [-9.77672472e-01  1.54373490e-01  1.34984066e+00  0.00000000e+00
   0.00000000e+00  0.00000000e+00  0.00000000e+00]
 [-9.81087224e-01 -1.43913025e+00  1.27652647e-01  6.84225303e-01
   0.00000000e+00  0.00000000e+00  0.00000000e+00]
 [ 3.96383796e-02 -3.54090645e-01  3.42899313e-01 -1.88361519e-01
   2.31035966e-13  0.00000000e+00  0.00000000e+00]
 [ 5.23222492e+00 -1.07754113e+01 -8.50600363e+00 -9.81375836e+00
  -1.00977686e-01  2.74584498e+00  0.00000000e+00]
 [-3.89844227e-01 -1.44297588e-01 -7.34468995e-03  4.65624178e-01
  -1.16311412e-01 -4.59658262e-01  4.34258784e-13]]","[[ 1.18608189e-02 -1.10637017e-01 -1.06475754e-01 -1.06847646e-01
   4.31691234e-03  5.69827943e-01 -4.24569160e-02]
 [-1.10637017e-01  3.89106010e+00  1.25422518e+00 -1.43671500e+00
  -6.38989485e-01 -2.35351513e+01  1.52047002e-01]
 [-1.06475754e-01  1.25422518e+00  2.80174446e+00  9.09329146e-01
   3.69443876e-01 -1.82605897e+01  3.48950086e-01]
 [-1.06847646e-01 -1.43671500e+00  9.09329146e-01  3.51808747e+00
   3.85584136e-01  2.57331567e+00  9.07788489e-01]
 [ 4.31691234e-03 -6.38989485e-01  3.69443876e-01  3.85584136e-01
   2.80011387e-01  2.95470088e+00 -5.45825338e-02]
 [ 5.69827943e-01 -2.35351513e+01 -1.82605897e+01  2.57331567e+00
   2.95470088e+00  3.19697479e+02 -6.24234150e+00]
 [-4.24569160e-02  1.52047002e-01  3.48950086e-01  9.07788489e-01
  -5.45825338e-02 -6.24234150e+00  6.14474198e-01]]"
21,-6383.325872071352,185.17400407791138,True,Optimization terminated successfully.,218.0,"[ 1.26912389 -3.82197695 -1.11150779 -4.8959551   3.06319162  6.73439024
 -2.830919  ]","[ 3.09205329  1.53909392 -0.35685493 -2.5594287  -0.79395388  0.12889898
  2.99105839  1.09635029  1.20879563 -0.08490024  2.89163777 -1.86346436
  2.21204292  0.67630721 -1.55388963  2.27295735  0.32640551 -1.48981407
  0.28370248  2.8557056   9.00013113  0.30024167 -1.51961263  2.90651647
 -2.52719788 -0.06096757 -1.74149337  2.19842573]","[  0.33243534  -0.94842396  -4.29270574  -1.39632791   0.16572517
 -36.86160818   1.5235286 ]","[[ 9.98001035e-001  0.00000000e+000  0.00000000e+000  0.00000000e+000
   0.00000000e+000  0.00000000e+000  0.00000000e+000]
 [ 2.87549181e+000  1.41100422e-018  0.00000000e+000  0.00000000e+000
   0.00000000e+000  0.00000000e+000  0.00000000e+000]
 [ 9.73353977e-001  1.10582442e+000  9.29642772e-001  0.00000000e+000
   0.00000000e+000  0.00000000e+000  0.00000000e+000]
 [-3.28061748e-001  1.89685703e+000 -7.13809457e-001  2.04077386e-001
   0.00000000e+000  0.00000000e+000  0.00000000e+000]
 [-2.89050240e-001  1.86250307e-001  5.59153452e-001 -4.60097823e-001
   6.78647793e-172  0.00000000e+000  0.00000000e+000]
 [-1.67922044e+001 -5.81762087e+000  8.16333203e-001 -6.47939934e-001
   6.13945040e+000  1.05025658e+001  0.00000000e+000]
 [-4.88827944e-001  3.08109893e-001 -6.78608433e-002  8.06560902e-001
   2.54812724e-002  4.59971176e-002  2.76903286e-026]]","[[ 9.96006065e-01  2.86974380e+00  9.71408276e-01 -3.27405964e-01
  -2.88472438e-01 -1.67586374e+01 -4.87850794e-01]
 [ 2.86974380e+00  8.26845312e+00  2.79887138e+00 -9.43338868e-01
  -8.31161596e-01 -4.82858463e+01 -1.40562075e+00]
 [ 9.71408276e-01  2.79887138e+00  3.03450130e+00  1.11468282e+00
   4.44424902e-01 -2.20191279e+01 -1.98173522e-01]
 [-3.27405964e-01 -9.43338868e-01  1.11468282e+00  4.25686262e+00
  -4.49080527e-02 -6.24125134e+00  9.57846718e-01]
 [-2.88472438e-01 -8.31161596e-01  4.44424902e-01 -4.49080527e-02
   6.42581807e-01  4.52482833e+00 -2.10360143e-01]
 [-1.67586374e+01 -4.82858463e+01 -2.20191279e+01 -6.24125134e+00
   4.52482833e+00  4.64905807e+02  6.47756092e+00]
 [-4.87850794e-01 -1.40562075e+00 -1.98173522e-01  9.57846718e-01
  -2.10360143e-01  6.47756092e+00  9.91795077e-01]]"
22,-6387.212710782103,188.86566162109375,True,Optimization terminated successfully.,219.0,"[  -2.01493255    1.88536608   -6.61785273   -7.45767079    1.93961931
 -132.2646091     3.73302947]","[-1.00302914  0.13113209  3.6747593  -1.02272875 -2.45846094 -1.23983818
  2.73872262 -2.23601961 -1.40013598  3.45060265 -0.90815391  2.19628213
 -2.58872178 -1.89425491  1.35854848  1.66814964 -2.21924164 -0.40805975
  0.94760407  2.6850572   5.18070121  1.21672376 -0.95999702  1.2020003
 -1.62709243 -2.39505559  1.98430526 -1.46003653]","[  0.42528709  -0.51784667  -4.0880537   -1.69181302   0.1007697
 -36.63560132   1.41107577]","[[ 1.39486198e-12  0.00000000e+00  0.00000000e+00  0.00000000e+00
   0.00000000e+00  0.00000000e+00  0.00000000e+00]
 [ 5.28820637e-02  1.96281624e+00  0.00000000e+00  0.00000000e+00
   0.00000000e+00  0.00000000e+00  0.00000000e+00]
 [-1.40474656e+00  1.22588312e+00  2.10146438e-45  0.00000000e+00
   0.00000000e+00  0.00000000e+00  0.00000000e+00]
 [-1.25146815e+00 -2.65553393e-01 -7.70380607e-01  7.75239327e-01
   0.00000000e+00  0.00000000e+00  0.00000000e+00]
 [-3.53732341e-01 -2.33986942e-02  8.98766181e-01  3.28332522e-02
   1.75519959e-02  0.00000000e+00  0.00000000e+00]
 [ 5.16519596e+00 -1.14155028e+01 -5.76220660e+00 -2.18073803e+00
   4.13980092e+00  1.15306972e+01  0.00000000e+00]
 [-2.87554818e-01 -3.87321078e-01 -3.34840468e-02  5.52975202e-01
  -7.09355743e-01  7.44596263e-03  2.24214632e-10]]","[[ 1.94563994e-24  7.37631800e-14 -1.95942756e-12 -1.74562533e-12
  -4.93407793e-13  7.20473545e-12 -4.01099282e-13]
 [ 7.37631800e-14  3.85544411e+00  2.33189741e+00 -5.87412731e-01
  -6.46334331e-02 -2.21333881e+01 -7.75446594e-01]
 [-1.95942756e-12  2.33189741e+00  3.47610233e+00  1.43245815e+00
   4.68220225e-01 -2.12498635e+01 -7.08687310e-02]
 [-1.74562533e-12 -5.87412731e-01  1.43245815e+00  2.83117342e+00
  -2.18040048e-01 -6.84154377e-01  9.17203705e-01]
 [-4.93407793e-13 -6.46334331e-02  4.68220225e-01 -2.18040048e-01
   9.34840812e-01 -6.73780438e+00  8.63912828e-02]
 [ 7.20473545e-12 -2.21333881e+01 -2.12498635e+01 -6.84154377e-01
  -6.73780438e+00  3.45046526e+02 -9.27498619e-01]
 [-4.01099282e-13 -7.75446594e-01 -7.08687310e-02  9.17203705e-01
   8.63912828e-02 -9.27498619e-01  1.04284916e+00]]"
17,-6387.849238689056,160.50924158096313,True,Optimization terminated successfully.,197.0,"[   0.75436531    1.98525484  -10.48032396   -0.5724706    -0.15008384
 -116.78030183    0.76808046]","[ 1.48185789e+00 -1.59224945e+00  1.57861042e-03  5.86370648e-01
 -1.80576748e+00  3.37564581e+00 -1.94359607e-01  1.53288068e+00
  2.69918298e+00 -1.89128813e+00  8.77091711e-01 -4.15606924e-01
 -1.52044131e+00  2.65290788e+00 -1.33977303e+00  2.91009798e+00
  2.75317657e+00 -1.20701050e+00  2.17368338e-02  7.97236901e-02
  2.43078382e+00 -1.80962733e+00  4.23644693e-01 -6.96898175e-01
 -3.07116264e-01  2.74244375e+00  1.41480838e+00 -5.70288889e-01]","[  0.67312456  -0.46322667  -4.25141201  -2.16416954   0.2621287
 -39.18499835   1.22234666]","[[ 2.70013134e-02  0.00000000e+00  0.00000000e+00  0.00000000e+00
   0.00000000e+00  0.00000000e+00  0.00000000e+00]
 [-1.53517676e+00  1.06143814e+00  0.00000000e+00  0.00000000e+00
   0.00000000e+00  0.00000000e+00  0.00000000e+00]
 [-8.12924909e-01  1.97733474e+00  1.26321988e+00  0.00000000e+00
   0.00000000e+00  0.00000000e+00  0.00000000e+00]
 [-2.65834592e-01  1.08121575e+00 -8.97266498e-01  1.59529471e+00
   0.00000000e+00  0.00000000e+00  0.00000000e+00]
 [ 1.73801749e-01  3.28533070e-02  9.09370357e-01  2.36435178e-01
   8.30879014e-79  0.00000000e+00  0.00000000e+00]
 [ 8.33015988e+00 -1.42239157e-01  4.52531412e+00 -9.45603538e+00
   3.38701116e+00  1.59905215e+01  0.00000000e+00]
 [-3.90952031e-01  5.56079924e-01 -6.08614268e-01  4.55174809e-01
   2.86409537e-01 -1.46425292e-01  1.57334456e-12]]","[[ 7.29070926e-04 -4.14517889e-02 -2.19500403e-02 -7.17788315e-03
   4.69287549e-03  2.24925258e-01 -1.05562183e-02]
 [-4.14517889e-02  3.48341862e+00  3.34680195e+00  1.55574673e+00
  -2.31944652e-01 -1.29392459e+01  1.19042492e+00]
 [-2.19500403e-02  3.34680195e+00  6.16642404e+00  1.22058415e+00
   1.07240892e+00 -1.33658214e+00  6.48557155e-01]
 [-7.17788315e-03  1.55574673e+00  1.22058415e+00  4.58974790e+00
  -4.49444771e-01 -2.15138118e+01  1.97739810e+00]
 [ 4.69287549e-03 -2.31944652e-01  1.07240892e+00 -4.49444771e-01
   9.14142427e-01  3.32257044e+00 -4.95515519e-01]
 [ 2.24925258e-01 -1.29392459e+01 -1.33658214e+00 -2.15138118e+01
   3.32257044e+00  4.46475492e+02 -1.17654536e+01]
 [-1.05562183e-02  1.19042492e+00  6.48557155e-01  1.97739810e+00
  -4.95515519e-01 -1.17654536e+01  1.14313460e+00]]"
12,-6390.324940967188,192.7621946334839,True,Optimization terminated successfully.,235.0,"[ 2.78698198 -2.82078436 -6.04823399  2.35515824 -1.61410188 34.51360187
 -0.95657842]","[ 3.45685046 -0.21986585  0.27364045  2.32439082 -2.8060395   2.14771666
 -0.94474003 -2.46770245  2.32585928 -0.46417349  1.47618508 -0.43340248
  0.00489599  1.99622519 -0.56899928 -0.87262649 -0.71388005 -2.01794659
 -1.14480047  1.61436137  2.51039217 -2.25718804  1.44247622  0.91122208
  2.67625935 -2.3330072   0.67123252 -0.06834279]","[  0.59523298   0.22365756  -3.65853865  -1.05224194   0.15543897
 -44.10916815   1.43318724]","[[ 8.82574947e-12  0.00000000e+00  0.00000000e+00  0.00000000e+00
   0.00000000e+00  0.00000000e+00  0.00000000e+00]
 [-1.96991098e+00  2.13506384e+00  0.00000000e+00  0.00000000e+00
   0.00000000e+00  0.00000000e+00  0.00000000e+00]
 [-2.08511501e+00  8.29248998e-02  2.79989964e-01  0.00000000e+00
   0.00000000e+00  0.00000000e+00  0.00000000e+00]
 [-5.47630465e-01 -3.45833530e-02  3.81103800e-01  1.89900929e+00
   0.00000000e+00  0.00000000e+00  0.00000000e+00]
 [-1.14727514e-01 -1.90516148e-01  5.68332980e-01 -8.68465083e-02
   4.07531217e-46  0.00000000e+00  0.00000000e+00]
 [ 1.26212189e+01 -1.00980419e+01 -4.42197795e+00  2.85604010e+00
  -2.80487841e+00  1.36890026e+01  0.00000000e+00]
 [-1.01877691e-01 -4.55535505e-02 -3.21677259e-01  4.72073141e-01
  -3.12898329e-01 -6.75842972e-01  4.83157419e-02]]","[[ 7.78938537e-23 -1.73859408e-11 -1.84027027e-11 -4.83324928e-12
  -1.01255630e-12  1.11391716e-10 -8.99146973e-13]
 [-1.73859408e-11  8.43904687e+00  4.28454091e+00  1.00494560e+00
  -1.80761149e-01 -4.64226418e+01  1.03430243e-01]
 [-1.84027027e-11  4.28454091e+00  4.43297551e+00  1.24570992e+00
   3.82549060e-01 -2.83921815e+01  1.18582774e-01]
 [-4.83324928e-12  1.00494560e+00  1.24570992e+00  4.05257153e+00
   1.21088501e-01 -2.82412574e+00  8.31245577e-01]
 [-1.01255630e-12 -1.80761149e-01  3.82549060e-01  1.21088501e-01
   3.80003498e-01 -2.28535405e+00 -2.03450838e-01]
 [ 1.11391716e-10 -4.64226418e+01 -2.83921815e+01 -2.82412574e+00
  -2.28535405e+00  4.84232606e+02 -6.42908384e+00]
 [-8.99146973e-13  1.03430243e-01  1.18582774e-01  8.31245577e-01
  -2.03450838e-01 -6.42908384e+00  8.95786996e-01]]"
3,-6395.046152494222,150.69498586654663,True,Optimization terminated successfully.,149.0,"[  0.81385944   0.94356891  -3.98994317  -4.46930107   0.43683258
 -36.65596411  -0.72587283]","[ 1.25865532 -2.65300883  2.55327021 -2.14814839 -0.01011017  1.12112342
 -0.27399594 -1.96786903  0.92514241  2.77574192 -1.14984679 -2.54322526
  2.45899235  1.85673465  1.48024874 -1.05398333  1.54069613 -2.9733879
 -0.73295     0.10438348 -3.11376968 -2.01455458 -1.54675394  0.57824743
  0.17309642  1.9966025   0.65413517  1.85142814]","[  0.46672876  -0.52690504  -3.54143844  -2.19817181   0.26790639
 -35.93349359   1.24833788]","[[ 1.79370640e+00  0.00000000e+00  0.00000000e+00  0.00000000e+00
   0.00000000e+00  0.00000000e+00  0.00000000e+00]
 [ 2.43901813e-01  2.18625277e+00  0.00000000e+00  0.00000000e+00
   0.00000000e+00  0.00000000e+00  0.00000000e+00]
 [ 9.88730788e-01  8.94229553e-01  9.70301877e-01  0.00000000e+00
   0.00000000e+00  0.00000000e+00  0.00000000e+00]
 [-7.63872690e-01 -1.17571709e+00  1.51715865e+00  1.05203096e+00
   0.00000000e+00  0.00000000e+00  0.00000000e+00]
 [ 1.60947159e-01 -3.58874001e-01  4.25107464e-01 -4.96724549e-01
   3.16981153e-01  0.00000000e+00  0.00000000e+00]
