start_idx,achieved_ll,elapsed_time,success,message,num_iter,start_beta,start_gamma,opt_beta,opt_gamma,opt_sigma
0,-6443.08518675222,65.20486664772034,True,Optimization terminated successfully.,34.0,[  0.5  -0.5  -3.5  -2.    0.5 -40.    1.5],"[0.54930614 0.         0.54930614 0.         0.         0.54930614
 0.         0.         0.         0.54930614]","[  0.58181293  -0.43690548  -3.70685189  -2.41897754   0.37707548
 -39.24287541   1.2228408 ]","[[ 1.56603818  0.          0.          0.        ]
 [-0.2021324   1.67077216  0.          0.        ]
 [ 0.38950091  0.73350292  1.26183155  0.        ]
 [ 0.45383721 -0.42588664  0.40471155  2.33329645]]","[[ 2.45247558 -0.31654705  0.60997329  0.7107264 ]
 [-0.31654705  2.83233711  1.1467855  -0.80329474]
 [ 0.60997329  1.1467855   2.28195634  0.37505871]
 [ 0.7107264  -0.80329474  0.37505871  5.99541141]]"
21,-6443.0851867522215,119.76369190216064,False,Desired error not necessarily achieved due to precision loss.,106.0,"[  3.47252472   1.77777937 -16.4938495   -4.2309886    2.97892329
 -82.4555849   -1.30958653]","[ 4.18009388  3.09551581 -0.13067812 -2.04758641  0.10688017  2.48586318
 -3.98461645  1.41836295  2.76844429  3.41689336]","[  0.58181301  -0.43690543  -3.70685185  -2.4189775    0.37707546
 -39.24287596   1.2228408 ]","[[ 1.56603817  0.          0.          0.        ]
 [-0.20213239  1.67077215  0.          0.        ]
 [ 0.38950085  0.73350291  1.26183153  0.        ]
 [ 0.45383722 -0.42588663  0.40471155  2.33329646]]","[[ 2.45247556 -0.31654705  0.6099732   0.71072641]
 [-0.31654705  2.83233708  1.1467855  -0.80329473]
 [ 0.6099732   1.1467855   2.28195625  0.37505869]
 [ 0.71072641 -0.80329473  0.37505869  5.99541145]]"
23,-6458.613103785188,108.75758814811707,False,Desired error not necessarily achieved due to precision loss.,62.0,"[ -0.68881816  -0.045467    -1.5835155   -3.64729186  -2.27412802
 -31.83225939   4.15914074]","[-2.89555507 -1.89176405  0.64888756  3.22929981  0.48710776  2.40602454
  1.08670415 -1.35773504 -1.47483187  3.55742875]","[  0.55540343  -0.37154233  -4.11206447  -1.42766687   0.36841754
 -39.32846317   1.23537458]","[[ 1.41447999  0.          0.          0.        ]
 [-0.7809077   1.54924062  0.          0.        ]
 [-0.1734618   0.6365347   1.34300556  0.        ]
 [ 0.29094103  0.71121301 -1.57117598  1.66313257]]","[[ 2.00075363 -1.10457831 -0.24535825  0.41153026]
 [-1.10457831  3.00996335  1.12160307  0.874642  ]
 [-0.24535825  1.12160307  2.23892935 -1.70785347]
 [ 0.41153026  0.874642   -1.70785347  5.82507454]]"
7,-6460.9754225064125,152.947571516037,False,Desired error not necessarily achieved due to precision loss.,102.0,"[-0.65158045  3.27830683  1.56963594  0.09463386 -2.57496309 23.57666454
  4.24618471]","[-2.55841499  2.90534764 -0.24344438 -0.34476887 -0.7646068   2.44176732
 -2.77403903 -3.56947433 -0.26264364  1.00391295]","[  0.48212556  -0.43298039  -3.56983151  -1.60302915   0.37757542
 -39.42592287   1.27389901]","[[ 1.26203663  0.          0.          0.        ]
 [ 0.41834155  1.69056284  0.          0.        ]
 [ 0.4300793   0.20676564  1.25083863  0.        ]
 [ 0.17473822 -1.31637867  1.81563018  2.08747432]]","[[ 1.59273647  0.52796236  0.54277584  0.22052603]
 [ 0.52796236  3.03301236  0.52947035 -2.1523206 ]
 [ 0.54277584  0.52947035  1.79231752  2.07402978]
 [ 0.22052603 -2.1523206   2.07402978  9.41744824]]"
14,-6460.9754225064125,147.61894631385803,True,Optimization terminated successfully.,126.0,"[-1.84759904 -1.93807499  9.72039731 -6.83556324  2.56748807 37.10752392
 -0.32599108]","[ 0.74288147 -2.99915978  3.19210238 -0.96608511 -3.59202794  4.32458984
  1.02218401  1.20832904 -0.80210211 -1.36153901]","[  0.48212554  -0.43298038  -3.56983144  -1.60302916   0.37757546
 -39.42592273   1.273899  ]","[[ 1.26203662  0.          0.          0.        ]
 [ 0.4183415   1.69056283  0.          0.        ]
 [ 0.43007933  0.20676576  1.2508386   0.        ]
 [ 0.17473821 -1.31637867  1.81563021  2.08747427]]","[[ 1.59273642  0.5279623   0.54277587  0.22052601]
 [ 0.5279623   3.03301229  0.52947054 -2.1523206 ]
 [ 0.54277587  0.52947054  1.79231751  2.07402961]
 [ 0.22052601 -2.1523206   2.07402961  9.41744811]]"
13,-6466.286948209799,170.61934328079224,True,Optimization terminated successfully.,168.0,"[ 1.44263995  1.16071222  9.62047163 -9.82879428  0.27052164 81.16570367
 -3.14758979]","[-1.48699218  2.38769533  3.51387751 -0.6163168  -0.28200553 -0.99955733
  0.54939259  2.9855382  -3.95371494 -2.12746005]","[  0.65688787  -0.49619071  -3.10284025  -2.01298152   0.40497661
 -39.24889907   1.26699283]","[[ 1.90729986e+00  0.00000000e+00  0.00000000e+00  0.00000000e+00]
 [-8.37457762e-01  1.54237317e+00  0.00000000e+00  0.00000000e+00]
 [ 2.11187352e-01  9.53159078e-01  1.89947772e-11  0.00000000e+00]
 [ 9.62434159e-01 -3.17849300e-01 -2.94255283e+00  1.23400466e+00]]","[[ 3.63779277 -1.59728307  0.40279761  1.83565054]
 [-1.59728307  3.08025051  1.2932665  -1.29624019]
 [ 0.40279761  1.2932665   0.95311233 -0.09970702]
 [ 1.83565054 -1.29624019 -0.09970702 11.20869235]]"
10,-6473.075500240005,152.07390189170837,True,Optimization terminated successfully.,146.0,"[  3.85565656   1.19841504   1.68530126  -9.09882558   2.98218813
 104.2932466   -3.91737706]","[ 2.27855858 -2.1286799   2.56607315  3.38135123  3.54634938  3.50331934
 -1.75970046  1.95791242 -1.48361222 -3.20495459]","[  0.53707638  -0.5089475   -3.17722492  -2.3190964    0.41022447
 -38.48903922   1.32626925]","[[ 1.72172989e+00  0.00000000e+00  0.00000000e+00  0.00000000e+00]
 [-1.37069642e-01  1.52842317e+00  0.00000000e+00  0.00000000e+00]
 [ 4.61685301e-01  1.00451098e+00  1.53968479e-11  0.00000000e+00]
 [-6.89384509e-01 -5.67149635e-01 -3.11602115e+00  2.56879828e-13]]","[[ 2.96435382 -0.2359969   0.79489738 -1.18693392]
 [-0.2359969   2.35486547  1.47203482 -0.77235095]
 [ 0.79489738  1.47203482  1.22219563 -0.88798673]
 [-1.18693392 -0.77235095 -0.88798673 10.50649752]]"
2,-6473.604422592563,175.17549300193787,True,Optimization terminated successfully.,189.0,"[   1.95953562   -1.09463317   -9.85358989   -3.03737513    3.5131588
 -199.39298385   -4.00424533]","[ 3.37459733 -0.82474648  4.01399478 -2.32388398 -0.38494631 -2.05258507
 -2.02396911 -3.7895218   1.18505991  4.1441944 ]","[ 1.68453579e-02 -6.26072853e-01 -3.37322448e+00 -2.49419059e+00
  4.18971750e-01 -3.88526651e+01  1.32721558e+00]","[[ 1.20857999e+00  0.00000000e+00  0.00000000e+00  0.00000000e+00]
 [ 2.55540423e-01  1.57482600e+00  0.00000000e+00  0.00000000e+00]
 [ 5.02842849e-01  9.64283146e-01  5.80585191e-11  0.00000000e+00]
 [-3.27213014e-01 -1.47065085e+00 -2.18449013e+00  2.08303398e+00]]","[[ 1.46066559  0.30884104  0.6077258  -0.3954631 ]
 [ 0.30884104  2.54537785  1.64707485 -2.39963535]
 [ 0.6077258   1.64707485  1.18269292 -1.58266055]
 [-0.3954631  -2.39963535 -1.58266055 11.38090997]]"
4,-6481.97875637724,129.45556640625,True,Optimization terminated successfully.,111.0,"[ 2.12869444 -2.5941752  -0.75594358 -5.62327798  4.21561158  6.49625842
 -0.65710591]","[ 1.74693283  0.25693693  1.43947983 -0.06824033 -1.44580337 -2.40807365
 -1.69525288  0.82128703 -0.56323113 -1.1379877 ]","[  0.9844833   -0.54557632  -3.03892211  -2.39122116   0.40195687
 -39.4626759    1.34566018]","[[ 1.78071119e+00  0.00000000e+00  0.00000000e+00  0.00000000e+00]
 [ 3.55384947e-01  1.69433052e+00  0.00000000e+00  0.00000000e+00]
 [ 6.89139327e-01  9.18473571e-01  1.08721188e-11  0.00000000e+00]
 [-1.62433329e-01 -6.61851140e-01  2.24497245e+00  3.37743899e-01]]","[[ 3.17093236  0.63283795  1.22715811 -0.28924685]
 [ 0.63283795  2.99705438  1.80110755 -1.17912095]
 [ 1.22715811  1.80110755  1.31850671 -0.71983198]
 [-0.28924685 -1.17912095 -0.71983198  5.61840376]]"
3,-6486.834326605204,125.70528316497803,True,Optimization terminated successfully.,108.0,"[   3.39526033    1.71942321   -3.27352309   -1.07030474    1.86607573
 -163.08101753   -0.29813918]","[ 2.72415636 -0.9024502  -2.95486924  3.49615387 -3.99252116  3.18075899
  2.31456847 -2.42759333  1.14896946 -0.64412819]","[  1.02214774  -0.75936978  -4.00358337   0.04248662   0.37587133
 -38.24149743   1.32345175]","[[ 1.78360271  0.          0.          0.        ]
 [-0.33712617  1.70913276  0.          0.        ]
 [ 0.20472522  0.85478872  1.28860906  0.        ]
 [ 2.80955586 -0.11700628 -0.90461688  2.50975574]]","[[ 3.18123863 -0.60129914  0.36514847  5.01113145]
 [-0.60129914  3.03478883  1.39192917 -1.14715406]
 [ 0.36514847  1.39192917  2.43308948 -0.69052619]
 [ 5.01113145 -1.14715406 -0.69052619 15.02450019]]"
6,-6489.099556014043,129.40073132514954,True,Optimization terminated successfully.,119.0,"[  2.76673587  -1.79382517   5.78913296  -4.24062664   2.47977933
 -10.64683745   2.73661603]","[-1.2453995  -3.72683353  0.78947223  0.67529745  1.6017267   3.4040084
  2.0882257  -2.14917351 -3.45430784 -2.10658556]","[  0.59866462  -0.3684836   -3.44208132  -2.40572492   0.37638955
 -39.01236005   1.39164263]","[[ 1.68463906  0.          0.          0.        ]
 [ 0.75093554  1.56414962  0.          0.        ]
 [ 0.70269287  1.103622    0.99148944  0.        ]
 [ 0.85329105 -0.86326009 -1.69306655  1.95853996]]","[[ 2.83800877  1.26505535  1.18378386  1.43748744]
 [ 1.26505535  3.01046822  2.25390699 -0.70950136]
 [ 1.18378386  2.25390699  2.6948101  -2.03176889]
 [ 1.43748744 -0.70950136 -2.03176889  8.17567673]]"
11,-6490.664640426059,144.69225144386292,True,Optimization terminated successfully.,120.0,"[-1.11706395  2.14074643 -2.88926426 -1.49032909 -0.43585656 43.29617071
 -1.90926584]","[-1.60882384  3.02303473 -2.93472728  2.64165778 -0.35314917 -2.13644045
 -1.58628788  1.67178147 -3.22161816  1.11181145]","[  0.91585178  -0.77928678  -3.19054184  -1.48723495   0.40406622
 -38.67098761   1.39426934]","[[ 1.71928551e+00  0.00000000e+00  0.00000000e+00  0.00000000e+00]
 [ 2.63297185e-01  1.61540648e+00  0.00000000e+00  0.00000000e+00]
 [ 6.99539481e-01  9.32057978e-01  4.72993646e-15  0.00000000e+00]
 [ 5.99057594e-01 -2.02822342e-01  2.09034639e+00  2.33732864e+00]]","[[ 2.95594265  0.45268303  1.20270809  1.02995104]
 [ 0.45268303  2.67886351  1.68983927 -0.16991035]
 [ 1.20270809  1.68983927  1.35808756  0.23002226]
 [ 1.02995104 -0.16991035  0.23002226 10.2326601 ]]"
1,-6493.0421649361415,121.15594625473022,True,Optimization terminated successfully.,127.0,"[  2.97479889  -4.35495742  -4.900954    -5.90566601   3.24614804
 103.73267866   3.28647164]","[-1.23302413 -2.34698564  1.62298903  0.85254768 -2.56727381  3.347102
  2.41044742  1.40840385 -1.92518626  2.84883186]","[  0.57098561  -0.88858829  -3.43482197  -1.5217229    0.41360008
 -38.34393307   1.38875546]","[[ 1.86958306e+00  0.00000000e+00  0.00000000e+00  0.00000000e+00]
 [-3.87020789e-01  1.70799941e+00  0.00000000e+00  0.00000000e+00]
 [ 3.16291802e-01  1.20191908e+00  1.14601201e-01  0.00000000e+00]
 [ 3.08754761e+00 -2.36641193e+00 -2.39543952e+00  8.56814894e-45]]","[[ 3.4953408  -0.72356751  0.59133379  5.77242669]
 [-0.72356751  3.06704707  1.93046558 -5.23677529]
 [ 0.59133379  1.93046558  1.55778342 -2.14218991]
 [ 5.77242669 -5.23677529 -2.14218991 20.87098613]]"
9,-6512.328802777663,113.54650473594666,True,Optimization terminated successfully.,104.0,"[  -2.05348286   -1.92371238    1.95724916   -3.77185963   -2.06925867
 -198.5441977    -1.13498687]","[ 0.0231752  -1.62361586  3.67579114  2.14767955  0.49324422 -0.44426519
  0.86242832 -1.6641007  -2.67000696  3.14261372]","[  0.49635601  -0.71045034  -3.28850376  -1.44286763   0.40193718
 -38.5354882    1.35711934]","[[ 1.44707414e+00  0.00000000e+00  0.00000000e+00  0.00000000e+00]
 [-2.92894833e-01  2.44148130e+00  0.00000000e+00  0.00000000e+00]
 [ 3.63770092e-01  1.56698319e+00  6.88196941e-14  0.00000000e+00]
 [ 1.22974629e+00 -2.99394927e+00 -6.06633978e-01  2.72379057e+00]]","[[ 2.09402356 -0.42384054  0.52640229  1.77953405]
 [-0.42384054  6.04661831  3.71921378 -7.66985748]
 [ 0.52640229  3.71921378  2.58776501 -4.24412326]
 [ 1.77953405 -7.66985748 -4.24412326 18.26304801]]"
16,-6514.509623622577,90.11465740203857,True,Optimization terminated successfully.,63.0,"[  3.06389088   2.0932934  -10.80586718   2.33624403  -2.63043721
 -88.20171404  -3.74291529]","[-1.78013632  0.23628937 -1.21250766  2.83927925 -3.2700407  -1.3899581
 -0.08261311 -0.76496825  0.96140969  3.44972227]","[  0.4482559   -0.18980401  -3.81477577  -0.53991226   0.38378905
 -39.024519     1.31136505]","[[ 1.14530135  0.          0.          0.        ]
 [ 0.53179136  1.85358723  0.          0.        ]
 [ 0.53373983  0.01530432  1.25088192  0.        ]
 [-0.04959373 -0.81890992  1.49791537  4.04148213]]","[[ 1.31171519  0.60906136  0.61129295 -0.05679977]
 [ 0.60906136  3.71858768  0.31220613 -1.54429448]
 [ 0.61129295  0.31220613  1.849818    1.83471224]
 [-0.05679977 -1.54429448  1.83471224 19.25040121]]"
12,-6514.661910760087,96.96982288360596,True,Optimization terminated successfully.,75.0,"[  -2.11907409   -1.3791781     8.00721994   -4.85493747    3.22227867
 -185.71378925    0.88306876]","[-1.99558207 -3.18126072 -0.6052529  -3.29413753  2.18248813  3.25738751
  1.13862706 -3.60508352  2.14616237  0.7291747 ]","[  0.7324331   -0.65977311  -4.05757808  -0.90497741   0.34571027
 -38.75436254   1.23609448]","[[ 1.87461479  0.          0.          0.        ]
 [-0.7991345   1.19771911  0.          0.        ]
 [ 0.03516687  0.55092941  1.35431816  0.        ]
 [ 0.40205359 -0.5206669  -1.50322805  4.21074128]]","[[ 3.5141806  -1.49806936  0.06592433  0.75369561]
 [-1.49806936  2.07314703  0.63175563 -0.9449076 ]
 [ 0.06592433  0.63175563  2.13893759 -2.30856079]
 [ 0.75369561 -0.9449076  -2.30856079 20.42277777]]"
19,-6524.650284878582,174.37147426605225,True,Optimization terminated successfully.,142.0,"[  1.60423384  -0.52142613 -16.7142703   -5.31420646  -2.86133177
 -76.21731269   7.34946899]","[-0.71631313 -1.52475694  2.79902765 -0.32321755 -2.20739654 -0.14995397
 -2.11162902  2.39788409  1.7058519  -3.44970039]","[  0.32483761   0.05277597  -3.15874467  -1.23386616   0.38015593
 -39.11820163   1.30950299]","[[ 0.94468936  0.          0.          0.        ]
 [-1.41184586  2.1302051   0.          0.        ]
 [-0.63597659  1.60270199  1.0010416   0.        ]
 [ 0.58625936  2.53336359  1.09404323  1.31854104]]","[[ 0.89243798 -1.33375576 -0.60080032  0.55383298]
 [-1.33375576  6.53108247  4.31198487  4.56887618]
 [-0.60080032  4.31198487  3.97520418  4.78256241]
 [ 0.55383298  4.56887618  4.78256241  9.69711217]]"
20,-6529.045835254211,132.19315099716187,True,Optimization terminated successfully.,111.0,"[ 1.42545749 -4.20374341  4.62265873 -1.48093673  3.84448536 16.00311538
  2.98779755]","[ 0.31749761 -0.96288433  3.00665934  3.33767469 -2.83188529 -3.06012366
  2.0477424   1.76723166 -0.73224924 -1.73995456]","[  1.61147008  -0.81241609  -3.36035841   1.70408726   0.39617598
 -38.18920708   1.39990494]","[[ 1.86085253  0.          0.          0.        ]
 [-0.32926472  1.7226029   0.          0.        ]
 [ 0.55389508  1.05227634  1.0695993   0.        ]
 [ 4.952304   -0.23194062  1.07272942  2.28707181]]","[[ 3.46277215 -0.61271309  1.03071706  9.21550744]
 [-0.61271309  3.07577601  1.63027617 -2.03016059]
 [ 1.03071706  1.63027617  2.55812793  3.64638183]
 [ 9.21550744 -2.03016059  3.64638183 30.96055719]]"
15,-6550.072410958847,132.61107540130615,True,Optimization terminated successfully.,122.0,"[ -1.68829752  -3.1380088  -12.78105067  -2.73923118   3.86681172
  76.96695769   5.97564914]","[ 2.1330663   3.23413993  0.80496509 -0.99521907 -1.6180514  -0.68702428
 -3.97456128  1.49853892  3.05672854  4.28935668]","[  0.65728965  -0.44642063  -3.32622604   2.70647333   0.35205708
 -38.83917694   1.37786441]","[[1.24458936 0.         0.         0.        ]
 [0.52841107 1.43560997 0.         0.        ]
 [0.22248807 0.53530183 1.26478703 0.        ]
 [1.78931442 0.87767614 3.276574   5.66016463]]","[[ 1.54900268  0.6576548   0.27690628  2.2269617 ]
 [ 0.6576548   2.34019424  0.8860498   2.20549417]
 [ 0.27690628  0.8860498   1.93573523  5.01209106]
 [ 2.2269617   2.20549417  5.01209106 46.74536237]]"
22,-6554.709647311414,116.96282458305359,True,Optimization terminated successfully.,111.0,"[-1.69458586e+00 -2.21585533e-01 -4.18078455e-02 -1.21731928e-01
 -5.43219658e-01  9.17167532e+01  3.79338864e+00]","[ 3.70821859 -0.49770482 -0.2204673   3.18669818  0.11318503 -2.41024841
 -3.67214452  0.36338602  0.59801594  2.29307848]","[  0.58203393  -0.96083399  -3.95021942   3.34438335   0.35496888
 -38.25240715   1.36006274]","[[ 1.23943828  0.          0.          0.        ]
 [ 0.24899742  1.78830249  0.          0.        ]
 [ 0.64138361  0.65822991  1.24479642  0.        ]
 [ 1.71756218 -4.37559465 -0.0741217   6.32605927]]","[[ 1.53620724  0.30861693  0.7949554   2.12881231]
 [ 0.30861693  3.26002553  1.33681706 -7.39721828]
 [ 0.7949554   1.33681706  2.39415768 -1.87079748]
 [ 2.12881231 -7.39721828 -1.87079748 62.12036829]]"
8,-6689.669273765874,127.44658708572388,True,Optimization terminated successfully.,108.0,"[ -3.23101786  -2.87860323  -7.794871    -0.66720555  -2.3352069
 -56.24065044   0.75900409]","[-3.29158516  0.10774199 -3.1611938   2.99489172  2.25112333 -0.19352997
  0.80641572 -3.93893269 -1.41860367 -3.14294561]","[  0.23286009  -0.90347448  -4.48118008  -2.26879433   0.42897924
 -35.45094539   1.63989684]","[[ 2.34403849e-10  0.00000000e+00  0.00000000e+00  0.00000000e+00]
 [ 1.66234975e+00  7.03910635e-11  0.00000000e+00  0.00000000e+00]
 [ 1.58115631e+00  9.20908615e-01  9.13949434e-01  0.00000000e+00]
 [ 5.30779175e-01 -1.95926002e+00  1.29337753e+00  6.09238971e-03]]","[[5.49451644e-20 3.89661180e-10 3.70629124e-10 1.24416682e-10]
 [3.89661180e-10 2.76340669e+00 2.62843479e+00 8.82340628e-01]
 [3.70629124e-10 2.62843479e+00 4.18343151e+00 2.17027070e-01]
 [1.24416682e-10 8.82340628e-01 2.17027070e-01 5.79328888e+00]]"
5,-inf,146.92529845237732,False,Start failed: LinAlgError: SVD did not converge,,"[ 0.77198402  0.88177444 -4.98878121  5.26707785  3.01564015 83.23355043
  3.20212731]","[-1.45135137 -2.71132342 -3.18478344  2.52508751  0.79612211 -1.01458563
  3.80729195 -1.15048036  3.43749934 -0.39617404]",,,
18,-inf,162.09427046775818,False,Start failed: LinAlgError: SVD did not converge,,"[ -3.08060148   0.04008225  -2.5026538   -1.53302467   2.91022868
 -29.91550505   1.08889837]","[ 3.40798424 -3.83989134  2.6089507   3.57086709 -2.59980123 -1.03204764
 -0.11260378  0.42438684 -3.63664608  3.30765769]",,,
17,-inf,185.0902271270752,False,Start failed: LinAlgError: SVD did not converge,,"[   1.2530352     2.07450315   -0.83307193   -6.07674328    3.76689409
 -168.90258626    6.96243751]","[ 1.36458213 -1.06870846 -3.24714026  3.20178736 -1.06056133  1.54578658
 -0.34064825  3.53541413 -2.87230391  1.4317704 ]",,,
