start_idx,achieved_ll,elapsed_time,success,message,num_iter,start_beta,start_gamma,opt_beta,opt_gamma,opt_sigma
0,-6326.615647892378,47.502455949783325,True,Optimization terminated successfully.,0,"[  0.25146037  -0.83487699  -4.55100266  -2.30670806   0.35061088
 -38.2769965    1.23330696]","[ 7.90996974e-01  1.30038495e+00  9.87157343e-01  2.00263447e+00
  1.87147647e+00  1.04966336e-01  4.77828602e-01  4.36100595e-02
  1.39521753e+00 -3.23672967e+00  4.03199349e-01 -2.69471910e-01
  3.54533366e-01 -1.70921643e-02 -2.32991617e+01 -1.72204049e+01
 -1.25415524e+01 -2.94707621e+00 -1.01276227e+01  6.95015964e+00
 -2.72230541e+02 -5.15399594e-01 -2.00702708e-01  1.87161060e-01
  2.54387437e-01 -4.80519335e-01  3.60525004e-01 -3.60147411e+00]","[  0.25146037  -0.83487699  -4.55100266  -2.30670806   0.35061088
 -38.2769965    1.23330696]","[[ 2.20559425e+000  0.00000000e+000  0.00000000e+000  0.00000000e+000
   0.00000000e+000  0.00000000e+000  0.00000000e+000]
 [ 1.30038495e+000  2.68359508e+000  0.00000000e+000  0.00000000e+000
   0.00000000e+000  0.00000000e+000  0.00000000e+000]
 [ 2.00263447e+000  1.87147647e+000  1.11067322e+000  0.00000000e+000
   0.00000000e+000  0.00000000e+000  0.00000000e+000]
 [ 4.77828602e-001  4.36100595e-002  1.39521753e+000  3.92921835e-002
   0.00000000e+000  0.00000000e+000  0.00000000e+000]
 [ 4.03199349e-001 -2.69471910e-001  3.54533366e-001 -1.70921643e-002
   7.60856299e-011  0.00000000e+000  0.00000000e+000]
 [-1.72204049e+001 -1.25415524e+001 -2.94707621e+000 -1.01276227e+001
   6.95015964e+000  5.91259758e-119  0.00000000e+000]
 [-5.15399594e-001 -2.00702708e-001  1.87161060e-001  2.54387437e-001
  -4.80519335e-001  3.60525004e-001  2.72834740e-002]]","[[ 4.86464600e+00  2.86812157e+00  4.41699907e+00  1.05389602e+00
   8.89294166e-01 -3.79812260e+01 -1.13676238e+00]
 [ 2.86812157e+00  8.89268357e+00  7.62648077e+00  7.38392864e-01
  -1.98839127e-01 -5.60496037e+01 -1.20882268e+00]
 [ 4.41699907e+00  7.62648077e+00  8.74656400e+00  2.58816198e+00
   6.96921291e-01 -6.12306353e+01 -1.19989261e+00]
 [ 1.05389602e+00  7.38392864e-01  2.58816198e+00  2.17839784e+00
   6.74888074e-01 -1.32850886e+01  1.61005052e-02]
 [ 8.89294166e-01 -1.98839127e-01  6.96921291e-01  6.74888074e-01
   3.61170875e-01 -4.43539382e+00 -9.17182300e-02]
 [-3.79812260e+01 -5.60496037e+01 -6.12306353e+01 -1.32850886e+01
  -4.43539382e+00  6.13391600e+02  4.92490925e+00]
 [-1.13676238e+00 -1.20882268e+00 -1.19989261e+00  1.61005052e-02
  -9.17182300e-02  4.92490925e+00  7.67282047e-01]]"
