start_idx,achieved_ll,elapsed_time,success,message,num_iter,start_beta,start_gamma,opt_beta,opt_gamma,opt_sigma
0,-6326.615647892378,37.14306664466858,True,Optimization terminated successfully.,0.0,"[  0.25146037  -0.83487699  -4.55100266  -2.30670806   0.35061088
 -38.2769965    1.23330696]","[ 7.90996974e-01  1.30038495e+00  9.87157343e-01  2.00263447e+00
  1.87147647e+00  1.04966336e-01  4.77828602e-01  4.36100595e-02
  1.39521753e+00 -3.23672967e+00  4.03199349e-01 -2.69471910e-01
  3.54533366e-01 -1.70921643e-02 -2.32991617e+01 -1.72204049e+01
 -1.25415524e+01 -2.94707621e+00 -1.01276227e+01  6.95015964e+00
 -2.72230541e+02 -5.15399594e-01 -2.00702708e-01  1.87161060e-01
  2.54387437e-01 -4.80519335e-01  3.60525004e-01 -3.60147411e+00]","[  0.25146037  -0.83487699  -4.55100266  -2.30670806   0.35061088
 -38.2769965    1.23330696]","[[ 2.20559425e+000  0.00000000e+000  0.00000000e+000  0.00000000e+000
   0.00000000e+000  0.00000000e+000  0.00000000e+000]
 [ 1.30038495e+000  2.68359508e+000  0.00000000e+000  0.00000000e+000
   0.00000000e+000  0.00000000e+000  0.00000000e+000]
 [ 2.00263447e+000  1.87147647e+000  1.11067322e+000  0.00000000e+000
   0.00000000e+000  0.00000000e+000  0.00000000e+000]
 [ 4.77828602e-001  4.36100595e-002  1.39521753e+000  3.92921835e-002
   0.00000000e+000  0.00000000e+000  0.00000000e+000]
 [ 4.03199349e-001 -2.69471910e-001  3.54533366e-001 -1.70921643e-002
   7.60856299e-011  0.00000000e+000  0.00000000e+000]
 [-1.72204049e+001 -1.25415524e+001 -2.94707621e+000 -1.01276227e+001
   6.95015964e+000  5.91259758e-119  0.00000000e+000]
 [-5.15399594e-001 -2.00702708e-001  1.87161060e-001  2.54387437e-001
  -4.80519335e-001  3.60525004e-001  2.72834740e-002]]","[[ 4.86464600e+00  2.86812157e+00  4.41699907e+00  1.05389602e+00
   8.89294166e-01 -3.79812260e+01 -1.13676238e+00]
 [ 2.86812157e+00  8.89268357e+00  7.62648077e+00  7.38392864e-01
  -1.98839127e-01 -5.60496037e+01 -1.20882268e+00]
 [ 4.41699907e+00  7.62648077e+00  8.74656400e+00  2.58816198e+00
   6.96921291e-01 -6.12306353e+01 -1.19989261e+00]
 [ 1.05389602e+00  7.38392864e-01  2.58816198e+00  2.17839784e+00
   6.74888074e-01 -1.32850886e+01  1.61005052e-02]
 [ 8.89294166e-01 -1.98839127e-01  6.96921291e-01  6.74888074e-01
   3.61170875e-01 -4.43539382e+00 -9.17182300e-02]
 [-3.79812260e+01 -5.60496037e+01 -6.12306353e+01 -1.32850886e+01
  -4.43539382e+00  6.13391600e+02  4.92490925e+00]
 [-1.13676238e+00 -1.20882268e+00 -1.19989261e+00  1.61005052e-02
  -9.17182300e-02  4.92490925e+00  7.67282047e-01]]"
1,-6361.2610511723915,124.51550769805908,True,Optimization terminated successfully.,152.0,"[   1.5985682    -1.53513429   -0.28972281   -3.10252143    1.40135447
 -102.49184689    2.92353242]","[-8.76485325e-01  3.02466545e+00  1.70756656e-01  2.52507303e+00
  4.04485559e+00  1.58578278e+00  6.45725519e-01 -9.85710965e-01
  3.55092268e-02  1.49947050e+00 -6.71403549e-01 -1.31084386e+00
 -4.76749593e-01  1.45100202e+00 -1.98254260e+00  7.04954168e-01
 -1.85187824e+01 -7.93178275e+00  9.28813064e+00  1.23123692e+01
 -1.86106867e+02 -1.84947645e+00 -1.99535685e+00 -1.25416223e+00
  6.84410807e-01  3.04299430e-01  2.13024401e+00 -3.22602503e+00]","[ -0.11715711  -0.32989367  -3.79982094  -2.27934838   0.34771046
 -37.29400197   0.95486511]","[[ 2.80998795e+00  0.00000000e+00  0.00000000e+00  0.00000000e+00
   0.00000000e+00  0.00000000e+00  0.00000000e+00]
 [ 2.14886105e+00  2.67762514e+00  0.00000000e+00  0.00000000e+00
   0.00000000e+00  0.00000000e+00  0.00000000e+00]
 [ 2.47045072e+00  1.04213988e+00  2.96868153e-13  0.00000000e+00
   0.00000000e+00  0.00000000e+00  0.00000000e+00]
 [ 1.04351660e+00 -1.02169288e-01 -1.32535814e+00  3.30226801e-02
   0.00000000e+00  0.00000000e+00  0.00000000e+00]
 [ 2.94848268e-01 -2.90181318e-01 -3.28620339e-01  3.14377423e-01
   4.75693236e-17  0.00000000e+00  0.00000000e+00]
 [-2.02327456e+01 -9.47456622e+00 -1.18711088e+00  6.23230996e+00
   9.81923060e+00  1.49559646e-81  0.00000000e+00]
 [ 1.96372315e-01 -6.19231105e-01 -2.47307231e-01 -4.28392302e-01
  -9.52751089e-02  1.45670652e-01  6.91720131e-01]]","[[ 7.89603228e+00  6.03827365e+00  6.94193675e+00  2.93226908e+00
   8.28520081e-01 -5.68537714e+01  5.51803840e-01]
 [ 6.03827365e+00  1.17872802e+01  8.09911525e+00  1.96880112e+00
  -1.43408834e-01 -6.88466956e+01 -1.23609195e+00]
 [ 6.94193675e+00  8.09911525e+00  7.18918228e+00  2.47148165e+00
   4.25998593e-01 -5.98578242e+01 -1.60197302e-01]
 [ 2.93226908e+00  1.96880112e+00  2.47148165e+00  2.85703017e+00
   7.83247909e-01 -1.83660416e+01  5.81808164e-01]
 [ 8.28520081e-01 -1.43408834e-01  4.25998593e-01  7.83247909e-01
   3.77965190e-01 -8.66841574e-01  1.84182654e-01]
 [-5.68537714e+01 -6.88466956e+01 -5.98578242e+01 -1.83660416e+01
  -8.66841574e-01  6.35799609e+02 -1.41802576e+00]
 [ 5.51803840e-01 -1.23609195e+00 -1.60197302e-01  5.81808164e-01
   1.84182654e-01 -1.41802576e+00  1.17546410e+00]]"
2,-inf,148.49637055397034,False,Start failed: LinAlgError: SVD did not converge,,"[ 0.60679711  0.61946797 -6.76812749 -3.98479771 -0.54718283  7.92832521
  0.75126584]","[-1.35402828e-01  2.44039614e+00 -6.58469284e-02  4.37669777e+00
  5.36499328e+00  1.84751276e-02  3.35654079e-01 -8.67198761e-01
 -1.38660054e+00 -9.69991079e+00 -1.30182668e-01 -6.91688130e-01
 -9.59127150e-01  1.00816556e+00 -4.94825126e+01 -2.07920381e+01
 -2.96230931e+01 -4.41778677e+00  9.06381643e+00  7.09357820e+00
 -6.46456843e+02 -3.43976795e-04 -3.13441885e-01 -9.95691878e-01
 -1.51080749e+00 -7.26523133e-01  1.27049986e+00 -9.56724174e+00]",,,
3,-inf,70.72435784339905,False,Start failed: LinAlgError: SVD did not converge,,"[ -0.36180401  -1.39994625  -9.6745479   -5.78160802   2.01245442
 -32.05039645   1.30726889]","[ 1.67155742e+00  1.25690164e+00  6.88915449e-01 -1.73536520e+00
  3.99120726e+00 -1.58823594e+00 -1.67535012e-01  1.42918024e+00
  2.25469616e+00 -2.93975511e+00 -8.68088299e-01  9.79269919e-01
  2.10289389e+00  1.37571167e+00 -3.41191690e+01 -1.35507024e+01
 -1.92601934e+00 -1.80060298e-01  7.53506613e+00  1.00563308e+01
  2.36673168e+02 -4.74985724e-01  1.28341389e+00  2.17764963e+00
 -1.21958446e-01 -1.13862957e-01  2.10015052e+00 -1.71511202e+00]",,,
